Q1:
+-------+-------+-------+
| 0 0 0 | 0 5 0 | 0 6 0 | 
| 0 0 1 | 0 0 0 | 0 2 0 | 
| 2 3 6 | 0 0 1 | 0 9 0 | 
+-------+-------+-------+
| 0 0 2 | 1 4 0 | 8 0 0 | 
| 0 0 0 | 0 0 0 | 9 0 2 | 
| 0 0 3 | 9 8 0 | 6 0 0 | 
+-------+-------+-------+
| 1 2 7 | 0 0 8 | 0 3 0 | 
| 0 0 4 | 0 0 0 | 0 8 0 | 
| 0 0 0 | 0 1 0 | 0 4 0 | 
+-------+-------+-------+

Solution found!
+-------+-------+-------+
| 9 7 8 | 2 5 4 | 3 6 1 | 
| 5 4 1 | 3 6 9 | 7 2 8 | 
| 2 3 6 | 8 7 1 | 4 9 5 | 
+-------+-------+-------+
| 6 9 2 | 1 4 5 | 8 7 3 | 
| 4 8 5 | 7 3 6 | 9 1 2 | 
| 7 1 3 | 9 8 2 | 6 5 4 | 
+-------+-------+-------+
| 1 2 7 | 4 9 8 | 5 3 6 | 
| 3 6 4 | 5 2 7 | 1 8 9 | 
| 8 5 9 | 6 1 3 | 2 4 7 | 
+-------+-------+-------+

Q2:
+-------+-------+-------+
| 0 0 5 | 0 0 0 | 0 0 0 | 
| 0 7 0 | 0 6 0 | 8 0 1 | 
| 8 1 0 | 2 7 0 | 0 0 9 | 
+-------+-------+-------+
| 0 0 7 | 0 0 0 | 0 8 0 | 
| 0 8 9 | 0 0 0 | 5 1 0 | 
| 0 3 0 | 0 0 0 | 7 0 0 | 
+-------+-------+-------+
| 6 0 0 | 0 8 4 | 0 2 5 | 
| 7 0 8 | 0 9 0 | 0 6 0 | 
| 0 0 0 | 0 0 0 | 9 0 0 | 
+-------+-------+-------+

Solution found!
+-------+-------+-------+
| 9 6 5 | 4 1 8 | 2 3 7 | 
| 2 7 3 | 9 6 5 | 8 4 1 | 
| 8 1 4 | 2 7 3 | 6 5 9 | 
+-------+-------+-------+
| 1 2 7 | 5 3 9 | 4 8 6 | 
| 4 8 9 | 6 2 7 | 5 1 3 | 
| 5 3 6 | 8 4 1 | 7 9 2 | 
+-------+-------+-------+
| 6 9 1 | 7 8 4 | 3 2 5 | 
| 7 5 8 | 3 9 2 | 1 6 4 | 
| 3 4 2 | 1 5 6 | 9 7 8 | 
+-------+-------+-------+
