3
0 0
499 500
1000 1000

6
0 0
0 1
1 2
0 3
0 4
100 4

12
0 1
1 3
0 5
2 4
3 6
4 4
6 5
5 3
6 1
4 2
3 0
2 2

12
1 1
4 2
5 4
5 6
4 8
1 9
11 9
8 8
7 6
7 4
8 2
11 1

20
0 0
1 1
3 2
6 3
10 4
15 5
21 6
28 7
36 8
45 9
55 10
66 11
78 12
91 13
105 14
120 15
136 16
153 17
171 18
190 19

4
0 0
0 1000
1000 1000
1000 0

50
40 30
25 45
30 50
29 54
20 58
22 62
28 62
30 70
35 72
40 85
45 86
42 73
35 65
30 60
35 55
50 60
51 65
55 65
60 60
60 80
65 85
60 110
45 105
40 115
40 125
44 127
55 126
65 120
100 120
101 124
110 130
120 130
126 121
130 105
131 89
130 80
120 75
115 60
118 55
115 50
114 40
100 35
110 45
114 60
112 63
85 25
80 0
75 15
73 41
60 0

5
0 0
0 10
5 15
10 10
10 0

10
0 0
0 5
5 5
5 10
10 10
10 15
15 15
15 20
20 20
20 0

6
0 15
10 10
25 20
30 5
15 10
5 0

7
0 30
10 10
30 0
20 0
10 3
3 10
0 20

8
15 0
10 13
10 0
0 10
15 20
30 10
20 0
20 13

17
25 40
40 35
45 25
45 15
40 5
30 0
35 10
35 20
30 30
20 30
15 20
15 10
20 0
10 15
5 15
5 25
10 35

41
65 30
56 58
42 17
41 37
28 5
30 25
21 32
20 20
16 33
22 38
27 32
36 47
16 56
13 48
8 62
19 68
24 62
38 71
37 77
31 80
28 74
28 70
23 78
33 85
45 77
60 88
65 84
53 60
74 70
78 77
78 85
85 89
90 80
82 55
90 58
95 54
93 47
87 43
82 46
78 57
68 43

5
985 985
985 995
995 1000
1000 995
995 985

6
0 0
5 20
10 11
20 20
15 0
10 9

8
15 20
30 25
30 15
25 5
15 0
5 5
0 15
0 25

12
10 5
10 0
0 0
0 20
25 20
25 0
15 0
15 5
20 5
20 15
5 15
5 5

12
0 5
10 10
0 15
10 20
0 25
10 30
20 30
30 20
20 15
30 10
20 0
10 0

10
0 10
5 30
10 25
20 30
30 5
20 20
15 15
15 10
20 10
10 0

50
15 20
6 23
3 38
25 51
30 43
25 44
22 40
33 33
40 48
35 53
16 57
19 64
23 58
46 66
50 55
59 61
57 52
48 51
55 36
63 42
68 42
71 35
69 31
65 30
63 34
66 38
62 39
49 19
45 32
40 30
45 13
40 8
35 17
34 24
31 27
28 24
32 12
28 2
27 12
25 5
24 11
20 10
24 19
16 33
19 34
15 40
12 39
10 35
14 35
10 22

3
0 0
1 1000
1 0

8
0 20
5 30
15 35
25 30
30 20
25 10
15 5
5 10

5
0 0
0 1000
500 1
1000 1000
1000 0

6
0 10
10 20
20 10
15 0
10 10
5 0

10
0 10
5 20
10 10
15 20
20 10
25 20
30 10
25 0
15 5
5 0

40
0 0
1 40
2 79
3 117
4 154
5 190
6 225
7 259
8 292
9 324
10 355
11 385
12 414
13 442
14 469
15 495
16 520
17 544
18 567
19 589
20 610
21 630
22 649
23 667
24 684
25 700
26 715
27 729
28 742
29 754
30 765
31 775
32 784
33 792
34 799
35 805
36 810
37 814
38 817
39 819

37
46 46
48 56
51 54
53 58
56 51
65 61
74 41
64 44
67 45
62 48
59 37
69 35
68 32
48 28
53 25
48 2
37 6
42 8
38 18
17 4
8 28
14 35
23 32
20 23
17 25
19 25
19 27
16 28
13 24
16 17
36 40
27 42
22 48
27 55
33 50
37 60
38 47

0
