0111111111111111
1111100000000000
0000000000010010
0000110110010110
0100000100011011
0011000000000000
0110111110110000
0100001101111100
0011000000010010
1000000000000010
1101101100001100
0010010010100000
1110100001100110
1000000001011011
0100000100000000
0100011100001011
0100000001110100
1001001011010000
0100111100100011
0100100001011000
0011110100011101

0011111111111111
0011100000000000
0000000000010010
0000110110010110
0100000100011011
0011000000000000
0110111110110000
0100001101111100
0011000000010010
1000000000000010
1101101100001100
0010010010100000
1110100001100110
1000000001011011
0100000100000000
0100011100001011
0100000001110100
1001001011010000
0100111100100011
0100100001011000
0011110100011101

0001111111111111
0001100000000000
0000000000010010
0000110110010110
0100000100011011
0011000000000000
0110111110110000
0100001101111100
0011000000010010
1000000000000010
1101101100001100
0010010010100000
1110100001100110
1000000001011011
0100000100000000
0100011100001011
0100000001110100
1001001011010000
0100111100100011
0100100001011000
0011110100011101

0000111111111111
0000100000000000
0000000000010010
0000110110010110
0100000100011011
0011000000000000
0110111110110000
0100001101111100
0011000000010010
1000000000000010
1101101100001100
0010010010100000
1110100001100110
1000000001011011
0100000100000000
0100011100001011
0100000001110100
1001001011010000
0100111100100011
0100100001011000
0011110100011101

0000011111111111
0000000000000000
0000000000010010
0000110110010110
0100000100011011
0011000000000000
0110111110110000
0100001101111100
0011000000010010
1000000000000010
1101101100001100
0010010010100000
1110100001100110
1000000001011011
0100000100000000
0100011100001011
0100000001110100
1001001011010000
0100111100100011
0100100001011000
0011110100011101

0000001111111111
0000000000000000
0000000000010010
0000110110010110
0100000100011011
0011000000000000
0110111110110000
0100001101111100
0011000000010010
1000000000000010
1101101100001100
0010010010100000
1110100001100110
1000000001011011
0100000100000000
0100011100001011
0100000001110100
1001001011010000
0100111100100011
0100100001011000
0011110100011101

0000000111111111
0000000000000000
0000000000010010
0000110110010110
0100000100011011
0011000000000000
0110111110110000
0100001101111100
0011000000010010
1000000000000010
1101101100001100
0010010010100000
1110100001100110
1000000001011011
0100000100000000
0100011100001011
0100000001110100
1001001011010000
0100111100100011
0100100001011000
0011110100011101

0000000011111111
0000000000000000
0000000000010010
0000110110010110
0100000100011011
0011000000000000
0110111110110000
0100001101111100
0011000000010010
1000000000000010
1101101100001100
0010010010100000
1110100001100110
1000000001011011
0100000100000000
0100011100001011
0100000001110100
1001001011010000
0100111100100011
0100100001011000
0011110100011101

0000000001111111
0000000000000000
0000000000010010
0000110110010110
0100000100011011
0011000000000000
0110111110110000
0100001101111100
0011000000010010
1000000000000010
1101101100001100
0010010010100000
1110100001100110
1000000001011011
0100000100000000
0100011100001011
0100000001110100
1001001011010000
0100111100100011
0100100001011000
0011110100011101

0000000000111111
0000000000000000
0000000000010010
0000110110010110
0100000100011011
0011000000000000
0110111110110000
0100001101111100
0011000000010010
1000000000000010
1101101100001100
0010010010100000
1110100001100110
1000000001011011
0100000100000000
0100011100001011
0100000001110100
1001001011010000
0100111100100011
0100100001011000
0011110100011101

0000000000011111
0000000000000000
0000000000010010
0000110110010110
0100000100011011
0011000000000000
0110111110110000
0100001101111100
0011000000010010
1000000000000010
1101101100001100
0010010010100000
1110100001100110
1000000001011011
0100000100000000
0100011100001011
0100000001110100
1001001011010000
0100111100100011
0100100001011000
0011110100011101

0000000000001111
0000000000000000
0000000000010010
0000110110010110
0100000100011011
0011000000000000
0110111110110000
0100001101111100
0011000000010010
1000000000000010
1101101100001100
0010010010100000
1110100001100110
1000000001011011
0100000100000000
0100011100001011
0100000001110100
1001001011010000
0100111100100011
0100100001011000
0011110100011101

0000000000000111
0000000000000000
0000000000010010
0000110110010110
0100000100011011
0011000000000000
0110111110110000
0100001101111100
0011000000010010
1000000000000010
1101101100001100
0010010010100000
1110100001100110
1000000001011011
0100000100000000
0100011100001011
0100000001110100
1001001011010000
0100111100100011
0100100001011000
0011110100011101

0000000000000011
0000000000000000
0000000000010010
0000110110010110
0100000100011011
0011000000000000
0110111110110000
0100001101111100
0011000000010010
1000000000000010
1101101100001100
0010010010100000
1110100001100110
1000000001011011
0100000100000000
0100011100001011
0100000001110100
1001001011010000
0100111100100011
0100100001011000
0011110100011101

0000000000000001
0000000000000000
0000000000010010
0000110110010110
0100000100011011
0011000000000000
0110111110110000
0100001101111100
0011000000010010
1000000000000010
1101101100001100
0010010010100000
1110100001100110
1000000001011011
0100000100000000
0100011100001011
0100000001110100
1001001011010000
0100111100100011
0100100001011000
0011110100011101

0000000000000000
0000000000000000
0000000000000010
0000110110010110
0100000100011011
0011000000000000
0110111110110000
0100001101111100
0011000000010010
1000000000000010
1101101100001100
0010010010100000
1110100001100110
1000000001011011
0100000100000000
0100011100001011
0100000001110100
1001001011010000
0100111100100011
0100100001011000
0011110100011101

0000000000000000
0000000000000000
0000000000000010
0000110110000110
0100000100011011
0011000000000000
0110111110110000
0100001101111100
0011000000010010
1000000000000010
1101101100001100
0010010010100000
1110100001100110
1000000001011011
0100000100000000
0100011100001011
0100000001110100
1001001011010000
0100111100100011
0100100001011000
0011110100011101

0000000000000000
0000000000000000
0000000000000010
0000110110000110
0100000100000011
0011000000000000
0110111110110000
0100001101111100
0011000000010010
1000000000000010
1101101100001100
0010010010100000
1110100001100110
1000000001011011
0100000100000000
0100011100001011
0100000001110100
1001001011010000
0100111100100011
0100100001011000
0011110100011101

0000000000000000
0000000000000000
0000000000000010
0000110110000010
0100000100000011
0011000000000000
0110111110110000
0100001101111100
0011000000010010
1000000000000010
1101101100001100
0010010010100000
1110100001100110
1000000001011011
0100000100000000
0100011100001011
0100000001110100
1001001011010000
0100111100100011
0100100001011000
0011110100011101

0000000000000000
0000000000000000
0000000000000000
0000110110000000
0100000100000001
0011000000000000
0110111110110000
0100001101111100
0011000000010010
1000000000000010
1101101100001100
0010010010100000
1110100001100110
1000000001011011
0100000100000000
0100011100001011
0100000001110100
1001001011010000
0100111100100011
0100100001011000
0011110100011101

0000000000000000
0000000000000000
0000000000000000
0000010110000000
0100000100000000
0011000000000000
0110111110110000
0100001101111100
0011000000010010
1000000000000010
1101101100001100
0010010010100000
1110100001100110
1000000001011011
0100000100000000
0100011100001011
0100000001110100
1001001011010000
0100111100100011
0100100001011000
0011110100011101

0000000000000000
0000000000000000
0000000000000000
0000000010000000
0100000100000000
0011000000000000
0110111110110000
0100001101111100
0011000000010010
1000000000000010
1101101100001100
0010010010100000
1110100001100110
1000000001011011
0100000100000000
0100011100001011
0100000001110100
1001001011010000
0100111100100011
0100100001011000
0011110100011101

0000000000000000
0000000000000000
0000000000000000
0000000000000000
0000000000000000
0011000000000000
0110111110110000
0100001101111100
0011000000010010
1000000000000010
1101101100001100
0010010010100000
1110100001100110
1000000001011011
0100000100000000
0100011100001011
0100000001110100
1001001011010000
0100111100100011
0100100001011000
0011110100011101

0000000000000000
0000000000000000
0000000000000000
0000000000000000
0000000000000000
0001000000000000
0110111110110000
0100001101111100
0011000000010010
1000000000000010
1101101100001100
0010010010100000
1110100001100110
1000000001011011
0100000100000000
0100011100001011
0100000001110100
1001001011010000
0100111100100011
0100100001011000
0011110100011101

0000000000000000
0000000000000000
0000000000000000
0000000000000000
0000000000000000
0000000000000000
0000111110110000
0100001101111100
0011000000010010
1000000000000010
1101101100001100
0010010010100000
1110100001100110
1000000001011011
0100000100000000
0100011100001011
0100000001110100
1001001011010000
0100111100100011
0100100001011000
0011110100011101

0000000000000000
0000000000000000
0000000000000000
0000000000000000
0000000000000000
0000000000000000
0000011110110000
0000001101111100
0011000000010010
1000000000000010
1101101100001100
0010010010100000
1110100001100110
1000000001011011
0100000100000000
0100011100001011
0100000001110100
1001001011010000
0100111100100011
0100100001011000
0011110100011101

0000000000000000
0000000000000000
0000000000000000
0000000000000000
0000000000000000
0000000000000000
0000001110110000
0000001101111100
0001000000010010
1000000000000010
1101101100001100
0010010010100000
1110100001100110
1000000001011011
0100000100000000
0100011100001011
0100000001110100
1001001011010000
0100111100100011
0100100001011000
0011110100011101

0000000000000000
0000000000000000
0000000000000000
0000000000000000
0000000000000000
0000000000000000
0000000110110000
0000000101111100
0000000000010010
1000000000000010
1101101100001100
0010010010100000
1110100001100110
1000000001011011
0100000100000000
0100011100001011
0100000001110100
1001001011010000
0100111100100011
0100100001011000
0011110100011101

0000000000000000
0000000000000000
0000000000000000
0000000000000000
0000000000000000
0000000000000000
0000000010110000
0000000001111100
0000000000010010
1000000000000010
1101101100001100
0010010010100000
1110100001100110
1000000001011011
0100000100000000
0100011100001011
0100000001110100
1001001011010000
0100111100100011
0100100001011000
0011110100011101

0000000000000000
0000000000000000
0000000000000000
0000000000000000
0000000000000000
0000000000000000
0000000000110000
0000000001111100
0000000000010010
1000000000000010
1101101100001100
0010010010100000
1110100001100110
1000000001011011
0100000100000000
0100011100001011
0100000001110100
1001001011010000
0100111100100011
0100100001011000
0011110100011101

0000000000000000
0000000000000000
0000000000000000
0000000000000000
0000000000000000
0000000000000000
0000000000110000
0000000000111100
0000000000010010
1000000000000010
1101101100001100
0010010010100000
1110100001100110
1000000001011011
0100000100000000
0100011100001011
0100000001110100
1001001011010000
0100111100100011
0100100001011000
0011110100011101

0000000000000000
0000000000000000
0000000000000000
0000000000000000
0000000000000000
0000000000000000
0000000000010000
0000000000011100
0000000000010010
1000000000000010
1101101100001100
0010010010100000
1110100001100110
1000000001011011
0100000100000000
0100011100001011
0100000001110100
1001001011010000
0100111100100011
0100100001011000
0011110100011101

0000000000000000
0000000000000000
0000000000000000
0000000000000000
0000000000000000
0000000000000000
0000000000000000
0000000000001100
0000000000000010
1000000000000010
1101101100001100
0010010010100000
1110100001100110
1000000001011011
0100000100000000
0100011100001011
0100000001110100
1001001011010000
0100111100100011
0100100001011000
0011110100011101

0000000000000000
0000000000000000
0000000000000000
0000000000000000
0000000000000000
0000000000000000
0000000000000000
0000000000000100
0000000000000010
1000000000000010
1101101100001100
0010010010100000
1110100001100110
1000000001011011
0100000100000000
0100011100001011
0100000001110100
1001001011010000
0100111100100011
0100100001011000
0011110100011101

0000000000000000
0000000000000000
0000000000000000
0000000000000000
0000000000000000
0000000000000000
0000000000000000
0000000000000000
0000000000000010
1000000000000010
1101101100001100
0010010010100000
1110100001100110
1000000001011011
0100000100000000
0100011100001011
0100000001110100
1001001011010000
0100111100100011
0100100001011000
0011110100011101

0000000000000000
0000000000000000
0000000000000000
0000000000000000
0000000000000000
0000000000000000
0000000000000000
0000000000000000
0000000000000000
1000000000000010
1101101100001100
0010010010100000
1110100001100110
1000000001011011
0100000100000000
0100011100001011
0100000001110100
1001001011010000
0100111100100011
0100100001011000
0011110100011101

0000000000000000
0000000000000000
0000000000000000
0000000000000000
0000000000000000
0000000000000000
0000000000000000
0000000000000000
0000000000000000
1000000000000000
1101101100001100
0010010010100000
1110100001100110
1000000001011011
0100000100000000
0100011100001011
0100000001110100
1001001011010000
0100111100100011
0100100001011000
0011110100011101

0000000000000000
0000000000000000
0000000000000000
0000000000000000
0000000000000000
0000000000000000
0000000000000000
0000000000000000
0000000000000000
1000000000000000
1101101100001000
0010010010100000
1110100001100110
1000000001011011
0100000100000000
0100011100001011
0100000001110100
1001001011010000
0100111100100011
0100100001011000
0011110100011101

0000000000000000
0000000000000000
0000000000000000
0000000000000000
0000000000000000
0000000000000000
0000000000000000
0000000000000000
0000000000000000
0000000000000000
1101101100000000
0010010010100000
1110100001100110
1000000001011011
0100000100000000
0100011100001011
0100000001110100
1001001011010000
0100111100100011
0100100001011000
0011110100011101

0000000000000000
0000000000000000
0000000000000000
0000000000000000
0000000000000000
0000000000000000
0000000000000000
0000000000000000
0000000000000000
0000000000000000
0001101100000000
0010010010100000
1110100001100110
1000000001011011
0100000100000000
0100011100001011
0100000001110100
1001001011010000
0100111100100011
0100100001011000
0011110100011101

0000000000000000
0000000000000000
0000000000000000
0000000000000000
0000000000000000
0000000000000000
0000000000000000
0000000000000000
0000000000000000
0000000000000000
0001101100000000
0000010010100000
1110100001100110
1000000001011011
0100000100000000
0100011100001011
0100000001110100
1001001011010000
0100111100100011
0100100001011000
0011110100011101

0000000000000000
0000000000000000
0000000000000000
0000000000000000
0000000000000000
0000000000000000
0000000000000000
0000000000000000
0000000000000000
0000000000000000
0000101100000000
0000010010100000
1000100001100110
1000000001011011
0100000100000000
0100011100001011
0100000001110100
1001001011010000
0100111100100011
0100100001011000
0011110100011101

0000000000000000
0000000000000000
0000000000000000
0000000000000000
0000000000000000
0000000000000000
0000000000000000
0000000000000000
0000000000000000
0000000000000000
0000001100000000
0000010010100000
0000100001100110
0000000001011011
0100000100000000
0100011100001011
0100000001110100
1001001011010000
0100111100100011
0100100001011000
0011110100011101

0000000000000000
0000000000000000
0000000000000000
0000000000000000
0000000000000000
0000000000000000
0000000000000000
0000000000000000
0000000000000000
0000000000000000
0000001100000000
0000000010100000
0000100001100110
0000000001011011
0000000100000000
0100011100001011
0100000001110100
1001001011010000
0100111100100011
0100100001011000
0011110100011101

0000000000000000
0000000000000000
0000000000000000
0000000000000000
0000000000000000
0000000000000000
0000000000000000
0000000000000000
0000000000000000
0000000000000000
0000000100000000
0000000010100000
0000000001100110
0000000001011011
0000000100000000
0000011100001011
0100000001110100
1001001011010000
0100111100100011
0100100001011000
0011110100011101

0000000000000000
0000000000000000
0000000000000000
0000000000000000
0000000000000000
0000000000000000
0000000000000000
0000000000000000
0000000000000000
0000000000000000
0000000000000000
0000000010100000
0000000001100110
0000000001011011
0000000100000000
0000011100001011
0000000001110100
1001001011010000
0100111100100011
0100100001011000
0011110100011101

0000000000000000
0000000000000000
0000000000000000
0000000000000000
0000000000000000
0000000000000000
0000000000000000
0000000000000000
0000000000000000
0000000000000000
0000000000000000
0000000000100000
0000000001100110
0000000001011011
0000000100000000
0000011100001011
0000000001110100
0001001011010000
0100111100100011
0100100001011000
0011110100011101

0000000000000000
0000000000000000
0000000000000000
0000000000000000
0000000000000000
0000000000000000
0000000000000000
0000000000000000
0000000000000000
0000000000000000
0000000000000000
0000000000100000
0000000000100110
0000000001011011
0000000100000000
0000011100001011
0000000001110100
0001001011010000
0000111100100011
0100100001011000
0011110100011101

0000000000000000
0000000000000000
0000000000000000
0000000000000000
0000000000000000
0000000000000000
0000000000000000
0000000000000000
0000000000000000
0000000000000000
0000000000000000
0000000000000000
0000000000000110
0000000000011011
0000000100000000
0000011100001011
0000000001110100
0001001011010000
0000111100100011
0000100001011000
0011110100011101

0000000000000000
0000000000000000
0000000000000000
0000000000000000
0000000000000000
0000000000000000
0000000000000000
0000000000000000
0000000000000000
0000000000000000
0000000000000000
0000000000000000
0000000000000110
0000000000001011
0000000100000000
0000011100001011
0000000001110100
0001001011010000
0000111100100011
0000100001011000
0001110100011101

0000000000000000
0000000000000000
0000000000000000
0000000000000000
0000000000000000
0000000000000000
0000000000000000
0000000000000000
0000000000000000
0000000000000000
0000000000000000
0000000000000000
0000000000000110
0000000000000011
0000000100000000
0000011100001011
0000000001110100
0001001011010000
0000111100100011
0000100001011000
0000110100011101

0000000000000000
0000000000000000
0000000000000000
0000000000000000
0000000000000000
0000000000000000
0000000000000000
0000000000000000
0000000000000000
0000000000000000
0000000000000000
0000000000000000
0000000000000010
0000000000000011
0000000100000000
0000011100001011
0000000001110100
0001001011010000
0000111100100011
0000000001011000
0000010100011101

0000000000000000
0000000000000000
0000000000000000
0000000000000000
0000000000000000
0000000000000000
0000000000000000
0000000000000000
0000000000000000
0000000000000000
0000000000000000
0000000000000000
0000000000000000
0000000000000001
0000000100000000
0000011100001011
0000000001110100
0001001011010000
0000001100100011
0000000001011000
0000000100011101

0000000000000000
0000000000000000
0000000000000000
0000000000000000
0000000000000000
0000000000000000
0000000000000000
0000000000000000
0000000000000000
0000000000000000
0000000000000000
0000000000000000
0000000000000000
0000000000000000
0000000100000000
0000011100001011
0000000001110100
0000000011010000
0000000100100011
0000000001011000
0000000100011101

0000000000000000
0000000000000000
0000000000000000
0000000000000000
0000000000000000
0000000000000000
0000000000000000
0000000000000000
0000000000000000
0000000000000000
0000000000000000
0000000000000000
0000000000000000
0000000000000000
0000000100000000
0000011100001011
0000000001110100
0000000011010000
0000000000100011
0000000001011000
0000000100011101

0000000000000000
0000000000000000
0000000000000000
0000000000000000
0000000000000000
0000000000000000
0000000000000000
0000000000000000
0000000000000000
0000000000000000
0000000000000000
0000000000000000
0000000000000000
0000000000000000
0000000100000000
0000011100001011
0000000001110100
0000000001010000
0000000000100011
0000000001011000
0000000100011101

0000000000000000
0000000000000000
0000000000000000
0000000000000000
0000000000000000
0000000000000000
0000000000000000
0000000000000000
0000000000000000
0000000000000000
0000000000000000
0000000000000000
0000000000000000
0000000000000000
0000000100000000
0000011100001011
0000000000110100
0000000000010000
0000000000100011
0000000001011000
0000000100011101

0000000000000000
0000000000000000
0000000000000000
0000000000000000
0000000000000000
0000000000000000
0000000000000000
0000000000000000
0000000000000000
0000000000000000
0000000000000000
0000000000000000
0000000000000000
0000000000000000
0000000100000000
0000011100001011
0000000000010100
0000000000010000
0000000000000011
0000000001011000
0000000100011101

0000000000000000
0000000000000000
0000000000000000
0000000000000000
0000000000000000
0000000000000000
0000000000000000
0000000000000000
0000000000000000
0000000000000000
0000000000000000
0000000000000000
0000000000000000
0000000000000000
0000000100000000
0000011100001011
0000000000000100
0000000000000000
0000000000000011
0000000000001000
0000000100011101

0000000000000000
0000000000000000
0000000000000000
0000000000000000
0000000000000000
0000000000000000
0000000000000000
0000000000000000
0000000000000000
0000000000000000
0000000000000000
0000000000000000
0000000000000000
0000000000000000
0000000100000000
0000011100000011
0000000000000100
0000000000000000
0000000000000011
0000000000000000
0000000100000101

0000000000000000
0000000000000000
0000000000000000
0000000000000000
0000000000000000
0000000000000000
0000000000000000
0000000000000000
0000000000000000
0000000000000000
0000000000000000
0000000000000000
0000000000000000
0000000000000000
0000000100000000
0000011100000011
0000000000000000
0000000000000000
0000000000000011
0000000000000000
0000000100000001

0000000000000000
0000000000000000
0000000000000000
0000000000000000
0000000000000000
0000000000000000
0000000000000000
0000000000000000
0000000000000000
0000000000000000
0000000000000000
0000000000000000
0000000000000000
0000000000000000
0000000100000000
0000011100000001
0000000000000000
0000000000000000
0000000000000011
0000000000000000
0000000100000001

0000000000000000
0000000000000000
0000000000000000
0000000000000000
0000000000000000
0000000000000000
0000000000000000
0000000000000000
0000000000000000
0000000000000000
0000000000000000
0000000000000000
0000000000000000
0000000000000000
0000000000000000
0000011100000000
0000000000000000
0000000000000000
0000000000000011
0000000000000000
0000000100000001

0000000000000000
0000000000000000
0000000000000000
0000000000000000
0000000000000000
0000000000000000
0000000000000000
0000000000000000
0000000000000000
0000000000000000
0000000000000000
0000000000000000
0000000000000000
0000000000000000
0000000000000000
0000010000000000
0000000000000000
0000000000000000
0000000000000011
0000000000000000
0000000100000001

0000000000000000
0000000000000000
0000000000000000
0000000000000000
0000000000000000
0000000000000000
0000000000000000
0000000000000000
0000000000000000
0000000000000000
0000000000000000
0000000000000000
0000000000000000
0000000000000000
0000000000000000
0000000000000000
0000000000000000
0000000000000000
0000000000000001
0000000000000000
0000000100000001

