18123
5257
58064
2140
19636
18807
77826
12057
18344
10218
420
37355
35928
7623
5910
28155
36664
21148
10935
12404
44375
31054
30631
12439
18102
12461
3269
10010
1377
3709
2883
61662
1016
55294
2534
33934
5700
21343
27810
817
18277
23667
282
3097
1665
7768
76188
9972
18705
7154
5064
1713
6479
3677
30343
3928
4845
62208
19400
10335
78139
1144
41801
30095
6110
7905
15168
5094
21555
89206
39345
49798
3800
31735
418
23461
1618
903
14843
37460
20770
32036
18744
13535
8507
16909
99713
2580
19314
3518
10656
15838
17838
5412
30474
55303
24649
13818
6858
3161
1530
32193
10297
5329
22135
1720
1
2235
31133
3944
1535
9821
6718
2232
36394
3445
4790
59572
22729
19147
16571
40780
57653
21752
6808
8741
1521
29008
29594
16480
32956
29741
53114
4029
59884
25883
314
12400
5950
29053
21370
31458
66310
11293
66822
57770
123456
5070
55081
180
22859
58115
11013
7773
14828
4070
20656
544
17768
13401
2
36807
55922
10237
11192
20934
73611
791
4258
9756
3009
1822
3234
26324
15697
286
485
13710
65857
72461
39104
9063
338
14233
4319
2482
8992
15581
3129
48321
36941
17030
9418
7365
62722
19435
50487
47023
6158
41499
539
52536
75158
13724
12523
17611
9471
35703
19173
7497
3014
15013
66763
20365
8384
349
68042
20055
5490
12668
6371
36693
44418
8438
5977
49770
37607
19215
17491
4531
4730
34552
19802
21095
1100
1235
357
12144
1137
25322
11360
55886
19164
9
45034
83812
34367
10528
6550
81128
1913
20679
3826
39328
5238
0
