N=A[0][0]=A[0][1]=A[0][2]=A[1][0]=A[1][1]=A[1][2]=A[2][0]=A[2][1]=A[2][2]=b[0]=b[1]=b[2]=A,b=
   2.00    4.00    6.00 |   6.00
   3.00    8.00    7.00 |  15.00
   5.00    7.00   21.00 |  24.00
A,b=
   2.00    4.00    6.00 |   6.00
   0.00    2.00   -2.00 |   6.00
   0.00   -3.00    6.00 |   9.00
A,b=
   2.00    4.00    6.00 |   6.00
   0.00    2.00   -2.00 |   6.00
   0.00    0.00    3.00 |  18.00
A,b=
   2.00    4.00    6.00 |   6.00
   0.00    2.00   -2.00 |   6.00
   0.00    0.00    3.00 |   6.00
A,b=
   2.00    4.00    6.00 |   6.00
   0.00    2.00   -2.00 |   9.00
   0.00    0.00    3.00 |   6.00
A,b=
   2.00    4.00    6.00 | -33.00
   0.00    2.00   -2.00 |   9.00
   0.00    0.00    3.00 |   6.00
